tree
version=v4
num_class=1
num_tree_per_iteration=1
label_index=0
max_feature_idx=53
objective=binary sigmoid:1
feature_names=pre1_bb_width pre3_bb_width pre5_bb_width pre1_vol_ratio pre3_vol_ratio pre5_vol_ratio pre1_rsi pre3_rsi pre5_rsi pre3_momentum_5d pre5_momentum_5d pre5_bb_position pre5_compression_days pre3_adx pre5_adx pre3_macd_hist pre5_macd_hist pre1_adx pre1_macd_hist pre1_rsi_slope pre1_ema_align pre1_ema20_slope pre1_di_diff pre1_body_ratio pre1_lower_shadow pre1_bar_direction pre1_sector_ad_ratio pre1_sector_pct_ema20 pre1_turnover_ratio pre1_usdegp_chg pre1_vix_level pre1_oil_chg pre1_spread_bps w_rsi w_bb_position mo_trend w_vol_compression obv_slope_5d adl_divergence closing_strength vol_dryup_days dtw_similarity dtw_expected_gain net_accumulation_20d up_volume_ratio_10d range_compression_20d vcp_score base_tightness_10d higher_lows_streak breakout_proximity rs_vs_market_5d rs_vs_market_20d rs_vs_sector_10d rs_rank_pct
feature_infos=[7.9999998596133604e-14:3.8596756458282471] [7.9999998596133604e-14:2.3466727733612061] [7.9999998596133604e-14:1.9093437194824219] [4.9972666602116078e-05:17.775846481323242] [3.877080962411128e-05:16.687379837036133] [0.00018734033801592886:16.692375183105469] [0:100] [0:100] [0:100] [-0.40842697024345398:1.5925925970077515] [-0.52794116735458374:1.4881041049957275] [-0.55692946910858154:1.5289322137832642] [0:72] [0:100] [0:100] [-636.34625244140625:400.77047729492188] [-464.01742553710938:430.45828247070312] [0:100] [-759.590087890625:430.45828247070312] [-19.791938781738281:33.333332061767578] [0:3] [-0.17967672646045685:0.77085524797439575] [-61.377246856689453:99.98004150390625] [0:1] [0:1] [-1:1] none none [1:2642610432] none none none none [0:1] [0:1] [0.095057584345340729:1] [1.3995850167702883e-05:1] [0.31648698449134827:0.70972555875778198] [0.20328570902347565:0.76312071084976196] [0:1] [0:1] none none [0.25:0.75] [0:1] [0:1] [0:1] [0:1] [0:0.89999997615814209] none [0:1] [0:1] none none
tree_sizes=3343 3361 3363 3386 3375 3375

Tree=0
num_leaves=31
num_cat=0
split_feature=50 34 34 10 36 50 36 35 34 38 0 11 36 8 38 47 50 36 1 24 17 10 33 35 1 36 47 33 38 37
split_gain=3061.05 726.854 398.643 333.8 313.582 258.469 134.208 129.395 84.7079 73.8766 74.0429 71.8057 67.2289 62.5866 55.1025 48.4747 44.4031 44.4581 43.1257 42.9923 42.7393 38.5762 37.7654 58.1071 52.5359 33.8693 31.8733 30.2433 39.585 26.6791
threshold=0.56117916107177745 0.93531432747840892 0.94321268796920787 -0.089984036982059465 0.40917457640171057 0.71805876493453991 0.10497833788394929 0.58398047089576732 0.55193629860878002 0.49925482273101812 0.10864629596471788 0.61654746532440197 0.155903235077858 71.654975891113295 0.47822733223438268 0.49905680119991308 0.82543164491653453 0.16161230951547625 0.22930230945348742 0.025000001303851608 37.072628021240241 0.0011496455408632757 0.567997306585312 0.65680888295173656 0.15619178116321566 0.67206817865371715 0.68644756078720104 0.51700496673583995 0.43999347090721136 0.42793545126914984
decision_type=2 2 2 2 2 2 2 2 2 2 2 2 2 2 2 2 2 2 2 2 2 2 2 2 2 2 2 2 2 2
left_child=1 3 5 14 9 6 15 -6 18 10 -5 22 26 -3 -1 -2 17 -7 25 -16 -13 27 -10 24 -24 -8 -12 28 -14 -9
right_child=2 13 -4 4 7 16 8 29 11 -11 12 20 21 -15 19 -17 -18 -19 -20 -21 -22 -23 23 -25 -26 -27 -28 -29 -30 -31
leaf_value=-0.89980461805519174 -1.2909193304847473 -0.85910509168042104 -0.84615544392329622 -1.3272354506742885 -1.2237029309934284 -1.1741400547891641 -1.2367847101469749 -1.3567425721029573 -0.87399654141980654 -1.3422490515528853 -1.2996907170768515 -1.3567425721029578 -0.98726712098908376 -1.0657229884296631 -0.94648698994781588 -0.91549490405651923 -0.82160141859169311 -0.91016821006359949 -0.99701907171694892 -1.2597765282198961 -1.0491187819722367 -1.2581396232577609 -1.3188724824065003 -0.92305540859195945 -0.96483789835238976 -0.96040582006363562 -0.99701907171694892 -0.94032956595147654 -1.3567425721029578 -0.87943768852656512
leaf_weight=24.644862532615662 31.10582160949707 48.001482486724854 346.87035810947418 80.954480290412903 23.085066914558411 7.4752018451690665 31.292024493217468 1.2268822193145776 40.999539136886597 306.08296144008636 41.869518160820007 6.8354866504669216 6.4652026891708392 21.106682777404785 7.4861358404159573 3.8668495416641226 59.304041504859924 43.556278109550476 15.178220748901365 10.557747483253477 13.311623334884642 10.382478594779966 9.0110076665878314 30.687233090400696 7.8366736173629752 5.1660261154174796 3.7945551872253409 15.570372700691221 5.2580666542053223 25.738090038299561
leaf_count=61 163 105 727 445 110 33 152 7 94 1715 222 39 20 77 21 10 114 111 48 53 47 52 49 81 23 15 12 43 30 60
internal_value=-1.07147 -1.22828 -0.919525 -1.26584 -1.28789 -1.0028 -1.07192 -1.04993 -1.0332 -1.31321 -1.25912 -0.983096 -1.19296 -0.922209 -0.997019 -1.24941 -0.880449 -0.948835 -1.13866 -1.1298 -1.15349 -1.09408 -0.944321 -1.00498 -1.15419 -1.19762 -1.27454 -1.03167 -1.15298 -0.901155
internal_weight=1284.72 632.225 652.496 563.116 520.428 305.626 195.291 50.05 160.318 470.378 164.295 108.682 83.3402 69.1082 42.6887 34.9727 110.336 51.0315 51.6363 18.0439 20.1471 37.6761 88.5345 47.5349 16.8477 36.4581 45.6641 27.2936 11.7233 26.965
internal_count=4739 3033 1706 2851 2716 979 721 177 548 2539 824 333 379 182 135 173 258 144 215 74 86 145 247 153 72 167 234 93 50 67
is_linear=0
shrinkage=1


Tree=1
num_leaves=31
num_cat=0
split_feature=50 34 36 10 34 50 35 36 11 38 0 1 34 3 36 19 11 36 35 37 17 18 9 21 11 37 37 4 12 34
split_gain=1945.13 514.941 256.676 254.79 203.941 150.919 106.584 92.2715 73.1794 66.682 69.7117 49.9126 45.3021 42.6091 40.2434 36.2233 33.8973 31.9565 30.3944 34.7807 28.5315 38.7244 27.0941 26.4631 26.1885 24.4112 23.6782 23.602 23.1584 22.1044
threshold=0.56117916107177745 0.9471707046031953 0.34400555491447454 -0.097420636564493165 0.95034465193748485 0.71805876493453991 0.58398047089576732 0.53678891062736522 0.07030621170997621 0.49925482273101812 0.10864629596471788 0.22552394866943362 0.55902120471000682 1.2392055392265322 0.11133922263979913 1.3919949531555178 0.53231641650199901 0.11034220829606058 0.60989353060722362 0.51303523778915416 44.003755569458015 0.0013285269960761072 0.041398493573069579 -0.0025228607701137658 0.60367003083229076 0.50027835369110119 0.52068412303924572 1.0637642145156863 1.5000000000000002 0.59530165791511547
decision_type=2 2 2 2 2 2 2 2 2 2 2 2 2 2 2 2 2 2 2 2 2 2 2 2 2 2 2 2 2 2
left_child=1 2 3 15 5 7 20 8 29 10 -5 12 -10 16 -12 25 27 -3 19 -16 -4 -22 -15 -20 -8 -1 -13 -14 -21 -2
right_child=4 17 6 9 -6 -7 24 -9 11 -11 14 26 13 22 18 -17 -18 -19 23 28 21 -23 -24 -25 -26 -27 -28 -29 -30 -31
leaf_value=-0.042272043301702936 0.14642213878802193 0.085570822153114401 -0.067895005298388295 -0.10317775092886061 0.28382667946556228 0.2627816427689319 0.27090861685970397 0.24026596513394527 -0.075422804060356313 -0.11287659058780666 -0.055869581930707693 0.064345513129173706 -0.027320418582934269 0.20455659529310061 -0.12933828439009787 0.30402366157540439 -0.1304761748934016 0.27244981292899118 0.23880500770578872 -0.0028430927458299271 -0.07358526517534951 0.26181704084962021 -0.05839906418662414 0.033561926317890692 0.082466277498211227 0.18714801093280106 0.23674906463998524 0.16638967558217888 0.25625653241056628 0.32603063804543786
leaf_weight=7.3501942604780224 13.493128165602686 10.686847761273382 22.413663864135742 72.951861873269081 410.23341211676598 134.1164315789938 35.800096422433853 54.031003400683403 31.934398129582405 281.75504606962204 32.984174087643623 13.650204658508299 12.770696178078653 23.963378176093105 10.747942984104158 16.149460703134537 13.058836713433264 63.644294947385788 16.363851472735409 7.9431059658527357 6.1487653553485853 7.8206478655338287 4.6843816936016074 10.196509599685667 9.2882371693849546 12.56887638568878 19.13143002986908 12.394510582089422 6.0979688316583633 13.922092720866202
leaf_count=34 48 37 120 428 715 264 76 126 172 1687 176 52 59 65 62 29 74 126 41 37 33 22 24 43 33 34 46 38 15 23
internal_value=0.128058 -0.00163235 -0.0346477 -0.062769 0.236092 0.179682 0.129344 0.127367 0.0890025 -0.0837587 -0.0315979 0.0580369 0.0225621 0.0693544 0.0303214 0.192726 0.000249863 0.245582 0.085686 0.00604868 0.0020159 0.114187 0.161559 0.160012 0.232089 0.102491 0.164961 0.0680868 0.109683 0.237632
internal_weight=1388.3 630.912 556.58 475.109 757.384 347.15 81.4714 213.034 159.003 439.04 157.285 131.588 98.8062 66.8718 84.3336 36.0685 38.224 74.3311 51.3494 24.789 36.3831 13.9694 28.6478 26.5604 45.0883 19.9191 32.7816 25.1652 14.0411 27.4152
internal_count=4739 3033 2870 2586 1706 991 284 727 601 2489 802 530 432 260 374 97 171 163 198 114 175 55 89 84 109 68 98 97 52 71
is_linear=0
shrinkage=0.1


Tree=2
num_leaves=31
num_cat=0
split_feature=50 34 10 36 34 0 34 0 50 36 3 38 10 36 0 14 0 36 50 34 45 36 36 13 9 48 7 35 33 36
split_gain=1369.16 388.618 202.684 200.758 138.511 72.772 64.0585 62.5137 52.4245 58.5161 51.6396 45.2834 41.4453 40.7931 39.8058 34.1923 32.7337 32.2133 31.1722 31.0045 24.4188 23.207 21.992 21.5574 21.9464 21.3445 19.7082 43.9309 26.7668 19.6477
threshold=0.56117916107177745 0.92536029219627391 -0.089984036982059465 0.34400555491447454 0.64727535843849193 0.17437233775854113 0.2872855812311173 0.46214212477207189 0.89818623661994945 0.12985020875930789 1.821322560310364 0.43856251239776617 0.0016052335267886522 0.45448565483093267 0.22917052358388904 27.4730339050293 0.11241829395294191 0.11034220829606058 0.67543998360633861 0.31307306885719305 0.43667802214622503 0.093367382884025588 0.066710650920867934 57.312028884887702 -0.0072771399281918994 1.0000000180025095e-35 49.465559005737312 0.59610271453857433 0.56216463446617138 0.066710650920867934
decision_type=2 2 2 2 2 2 2 2 2 2 2 2 2 2 2 2 2 2 2 2 2 2 2 2 2 2 2 2 2 2
left_child=1 2 19 7 5 13 -5 11 9 14 12 16 -8 15 25 -2 -4 -3 23 -1 -14 -18 -21 24 -7 -6 -11 28 -28 -20
right_child=4 17 3 6 8 18 10 -9 -10 26 -12 -13 20 -15 -16 -17 21 -19 29 22 -22 -23 -24 -25 -26 -27 27 -29 -30 -31
leaf_value=-0.019640458444341716 0.10259188623405589 0.044111334205090141 -0.081660232481409301 -0.129706338165648 -0.10137310471554031 0.12573866835066325 0.22545498471317527 0.1814457727137393 0.25250869993930947 0.24539840087839859 -0.070107700889868924 -0.10302295819860899 0.1690235447450267 0.13581994800504979 0.17540898522281023 -0.086372807375187099 -0.083766675079354341 0.21425301727308615 -0.14428986630525723 0.035269109811071016 -0.091834170474524968 0.11308462435682638 0.22313628747453002 0.23285568980059237 -0.068598226067596732 0.080035892370738812 0.16719190165012515 0.21103153015132931 -0.010723188075237658 0.22821423678868938
leaf_weight=8.4886525720357877 14.095795497298239 12.99969372153282 32.130485326051712 10.836193636059759 9.2933625131845492 13.966769725084305 39.54497891664505 8.7794819474220258 231.65076026320457 109.6558405905962 10.476917102932928 334.13026116788387 6.6188788861036283 24.233951166272163 41.407021105289459 29.860741123557091 8.0807216316461581 77.284065753221512 1.4563119709491719 7.5817851871252051 7.8380950391292572 23.134353160858154 34.976359233260155 8.1902214735746366 9.9514199942350388 21.469672858715057 19.378846764564514 222.04164671897888 15.002619639039038 51.095381706953049
leaf_count=36 49 48 196 63 47 42 87 32 331 179 52 2089 19 67 87 159 47 145 7 27 40 80 72 18 47 75 45 405 57 91
internal_value=0.109754 -0.00209207 -0.034612 -0.0546963 0.194432 0.108535 0.0952601 -0.0824965 0.214031 0.193693 0.133067 -0.0883264 0.172486 0.0316527 0.111395 -0.0257764 -0.0108064 0.189755 0.170461 0.154861 0.0275951 0.0621253 0.189668 0.0928309 0.0448827 0.0252331 0.209917 0.194744 0.0895573 0.217891
internal_weight=1445.65 622.901 532.617 481.57 822.75 152.851 75.3151 406.255 669.9 438.249 64.4789 397.476 54.002 68.1905 72.1701 43.9565 63.3456 90.2838 84.6601 51.0468 14.457 31.2151 42.5581 32.1084 23.9182 30.763 366.079 256.423 34.3815 52.5517
internal_count=4739 3033 2840 2705 1706 480 261 2444 1226 895 198 2412 146 275 209 208 323 193 205 135 59 127 99 107 89 122 686 507 102 98
is_linear=0
shrinkage=0.1


Tree=3
num_leaves=31
num_cat=0
split_feature=50 34 36 10 34 50 36 38 35 0 36 34 11 1 16 34 19 23 0 36 38 34 19 51 37 15 2 21 18 40
split_gain=1018.71 303.273 166.339 170.407 105.604 79.671 81.1849 61.817 55.9366 46.7864 34.5583 33.3843 42.0218 38.5479 30.8919 47.8451 24.4717 24.429 23.5439 22.746 21.2891 20.5149 27.1667 25.9421 20.0668 29.6283 20.301 19.3339 45.3098 15.7657
threshold=0.56117916107177745 0.91125914454460155 0.40917457640171057 -0.094327483326196657 0.95034465193748485 0.82543164491653453 0.10497833788394929 0.49925482273101812 0.58398047089576732 0.10864629596471788 0.155903235077858 0.40473155677318579 0.42896531522274023 0.22930230945348742 -0.0019596150377765294 0.95969617366790783 1.3919949531555178 0.71428570151329052 0.19429101049900058 0.31970296800136572 0.46294413506984716 0.45042172074317938 5.8157198429107675 0.53213629126548778 0.54910382628440868 0.010775397997349502 0.29934588074684149 -0.0066781560890376559 0.0042662599589675674 1.0000000180025095e-35
decision_type=2 2 2 2 2 2 2 2 2 2 2 2 2 2 2 2 2 2 2 2 2 2 2 2 2 2 2 2 2 2
left_child=1 2 3 16 5 6 17 9 29 27 18 13 -13 -8 -3 -16 20 -2 -11 24 -1 22 -12 -23 26 -26 -14 28 -5 -4
right_child=4 14 8 7 -6 -7 11 -9 -10 10 21 12 19 -15 15 -17 -18 -19 -20 -21 -22 23 -24 -25 25 -27 -28 -29 -30 -31
leaf_value=0.15841181663159259 -0.074562849229078507 0.24092039965161588 -0.054040827628282828 -0.098927742165716592 0.19806763561896421 0.21395810242496593 -0.054114318347822488 -0.10649735140344199 0.18923374504726698 -0.098700586126305279 -0.131676512552835 0.17038098945489802 -0.11473805945706544 0.14485600008799704 -0.073932319273991257 0.15523252849025893 0.21332294212285335 0.10903847612094666 0.054204941058223148 0.12556526922126116 -0.029218304876436441 0.19383758894164937 0.1870513060606086 -0.013034486736665392 0.21336364728618654 -0.080601374656661576 0.12211782832595793 -0.12228060765122284 0.23246619326589535 0.11353396615109251
leaf_weight=11.967981025576593 29.842218950390816 30.287794709205627 17.398155361413959 14.702788069844248 474.0130909383297 83.965979337692261 20.899886578321457 249.91111360490322 39.896922037005424 25.805728361010551 7.7521743178367597 146.44245904684067 13.665588587522508 18.230154350399971 10.761385604739187 59.386367201805115 19.896989926695824 9.5712286531925184 16.514394119381905 45.975749999284744 12.22335924208164 20.994880169630054 4.0825415849685669 8.5224559903144819 9.2455670088529569 5.4494311660528174 4.9220417141914359 47.429421007633209 5.7350637912750235 8.2891834974288923
leaf_count=26 158 43 88 97 715 116 102 1698 73 158 45 307 68 42 54 123 31 32 73 112 52 48 10 40 17 25 12 320 23 31
internal_value=0.0963767 -0.00234222 -0.0335583 -0.0554456 0.166396 0.127725 0.103926 -0.0759406 0.11513 -0.0255478 0.0244944 0.123854 0.138637 0.0385832 0.156519 0.120076 0.131173 -0.0299768 -0.0390329 0.0799852 0.0636064 0.0895089 -0.0217271 0.134108 0.0170222 0.104351 -0.0520181 -0.0872439 -0.00593532 3.47706e-05
internal_weight=1473.78 611.559 511.123 445.539 862.223 388.21 304.244 401.451 65.5843 151.539 83.6722 264.831 225.701 39.13 100.436 70.1478 44.0883 39.4134 42.3201 79.2584 24.1913 41.3521 11.8347 29.5173 33.2826 14.695 18.5876 67.8673 20.4379 25.6873
internal_count=4739 3033 2813 2621 1706 991 875 2512 192 814 374 685 541 144 220 177 109 190 231 234 78 143 55 88 122 42 80 440 120 119
is_linear=0
shrinkage=0.1


Tree=4
num_leaves=31
num_cat=0
split_feature=50 34 35 10 36 50 36 47 36 3 8 10 36 10 34 36 28 34 36 38 11 47 6 39 11 34 37 3 2 44
split_gain=796.784 202.279 142.391 140.537 77.8491 70.3151 57.4593 68.0472 55.2685 38.8818 37.0527 32.6201 30.7092 36.9543 28.7484 28.5277 27.5872 24.3914 24.7631 22.5174 20.5073 19.9546 22.826 19.211 22.2092 17.9678 16.0129 17.2025 15.7988 22.695
threshold=0.51895475387573253 0.84144952893257152 0.57290759682655346 -0.097420636564493165 0.38311031460762029 0.58353859186172496 0.11937225610017778 0.32917234301567083 0.28787703812122351 1.0503594875335696 57.416574478149421 -0.066525164991617189 0.21770219504833224 -0.078632969409227357 0.99998527765274059 0.58051609992980968 74.000000000000014 0.99998527765274059 0.52178362011909496 0.39142110943794256 0.37613604962825781 0.23814710974693301 62.481229782104499 0.45972973108291632 0.80409497022628795 0.34356451034545904 0.59198996424674999 1.0306722521781924 0.1196473576128483 0.78731131553649913
decision_type=2 2 2 2 2 2 2 2 2 2 2 2 2 2 2 2 2 2 2 2 2 2 2 2 2 2 2 2 2 2
left_child=1 3 5 25 16 11 7 -4 10 -6 -3 -2 13 -7 -12 -13 -5 18 21 20 -18 22 -8 24 -9 -1 27 -15 29 -14
right_child=2 8 6 4 9 12 17 23 -10 -11 14 15 28 26 -16 -17 19 -19 -20 -21 -22 -23 -24 -25 -26 -27 -28 -29 -30 -31
leaf_value=0.0014826561090558509 0.15721264818078365 0.17930048255233302 -0.028553097730501131 0.13377958303478474 0.12738478163211972 0.16277567843954288 0.10802205587034799 0.14071508357937437 0.19607593899707071 -0.08641351935873709 -0.068747448374716524 -0.084948879723275417 0.11978192116351004 -0.13269316046679169 0.099765993684291746 0.10978507697321978 0.18786397088837928 0.18424811804621766 0.18344853214868401 -0.10186087343500042 -0.12208470630045293 0.14541940826085303 -0.044514706497265973 0.18051191946163414 -0.019563976062088199 0.16189274653932184 0.1052507318737276 0.046518833920255576 0.15815839878039789 -0.073117468446441944
leaf_weight=9.0909975171089155 8.5413040965795499 14.946229368448256 33.548173904418945 5.2761365622282019 26.15735150873661 14.574297711253164 44.391533583402634 25.369754686951637 40.627025544643402 12.60548749566078 26.203571885824203 45.723832979798317 26.556543201208115 15.289960965514188 16.497833833098412 9.0043338686227781 5.1917321085929853 376.74880218505859 110.01756213605404 282.31724783778191 3.6252356320619583 128.36899834871292 12.593297749757765 48.978694304823875 13.114220529794691 30.111542508006096 6.7059719413518897 8.2442138940095884 70.122856616973877 7.9175322055816642
leaf_count=35 20 33 162 25 69 30 118 57 66 64 146 272 64 89 38 25 16 526 168 1993 25 256 53 76 41 59 22 27 133 31
internal_value=0.0861517 -0.0209395 0.136476 -0.0544571 -0.0754109 0.0638165 0.15596 0.0925262 0.106745 0.0578586 0.0437895 -0.0245434 0.101233 0.0319716 -0.0036417 -0.0529096 -0.0928392 0.167381 0.145866 -0.0969461 0.0604237 0.123558 0.0743124 0.138969 0.0860966 0.124694 -0.0310697 -0.0699137 0.130908 0.0754794
internal_weight=1478.46 472.65 1005.81 374.376 335.173 212.681 793.131 121.011 98.2747 38.7628 57.6476 63.2695 149.411 44.8144 42.7014 54.7282 296.41 672.12 295.371 291.134 8.81697 185.354 56.9848 87.4627 38.484 39.2025 30.2401 23.5342 104.597 34.4741
internal_count=4739 2569 2170 2286 2192 713 1457 336 283 133 217 317 396 168 184 297 2059 1121 595 2034 41 427 171 174 98 94 138 116 228 95
is_linear=0
shrinkage=0.1


Tree=5
num_leaves=31
num_cat=0
split_feature=50 34 34 0 36 0 36 34 11 37 11 3 21 1 36 22 10 37 36 3 4 50 51 37 16 8 36 21 38 9
split_gain=632.447 160.372 124.51 112.791 92.0778 69.7756 65.7423 44.5406 42.98 36.0566 35.8394 27.6559 26.3888 25.8873 23.1616 21.5532 20.8364 32.5097 43.8091 44.4046 31.1684 25.4482 19.5635 18.5702 18.3048 18.2113 15.9583 19.9914 15.5336 15.3221
threshold=0.5150151550769807 0.91454270482063305 0.94321268796920787 0.29189443588256841 0.23094578087329867 0.15986314415931704 0.49131409823894506 0.29267403483390814 -0.12347633764147757 0.49740569293498998 0.44785827398300176 2.224424004554749 0.065761290490627303 0.10245256125926973 0.59052076935768139 -15.168317317962645 -0.014378605876117943 0.49160748720169073 0.155903235077858 0.92154431343078624 0.39742133021354681 0.48774047195911413 0.28730110824108129 0.47533209621906286 0.01197733683511615 64.632263183593764 0.12229314446449281 -0.0065211288165301076 0.54353401064872753 0.031955996528267867
decision_type=2 2 2 2 2 2 2 2 2 2 2 2 2 2 2 2 2 2 2 2 2 2 2 2 2 2 2 2 2 2
left_child=1 3 4 6 5 11 8 -6 15 -7 22 26 -12 14 29 -1 17 -10 -19 20 -20 -22 -5 -8 -11 -3 -2 -28 -27 -9
right_child=2 25 -4 10 7 9 23 13 16 24 12 -13 -14 -15 -16 -17 -18 18 19 -21 21 -23 -24 -25 -26 28 27 -29 -30 -31
leaf_value=-0.018549053544195667 -0.10431078139819805 0.16681391355069677 0.15505729191439657 0.0602629758468902 -0.063557832189306565 -0.080276568226701997 -0.053566316034223897 0.043029149695789165 -0.11877238819547056 0.11398558402512148 -0.080135372227105914 0.15991663374788312 0.21598819408825359 0.14430939160243261 0.12741455614414166 0.23513015307078344 -0.11470024340426677 -0.081304977780910961 0.36394055962649785 -0.09527346153960442 -0.076140664149599857 0.18484943520034999 0.22964884098255289 0.1343839636632996 -0.036078377985716441 0.10139814335909979 0.094117233550767329 -0.060278972943453135 -0.060236067109664573 -0.13953604197095137
leaf_weight=7.6779869943857193 35.79887343943119 36.040753290057182 524.66096945106983 10.918263092637064 12.679123938083647 12.256144389510153 7.2382995784282711 25.178144469857219 56.212747067213058 94.707031592726707 13.674754589796068 6.4359823465347281 3.8584728688001624 223.23227994143963 36.54321451485157 5.9405097216367704 154.61917643249035 46.034427687525749 5.3452886939048829 10.638654135167597 6.0672539174556723 9.7233157902955991 18.159136012196541 19.204293608665466 8.89167572557926 26.180456876754761 12.223398797214029 26.715030774474144 7.6928478479385367 5.6239037811756125
leaf_count=35 238 56 781 40 61 66 33 85 436 235 83 16 11 413 72 11 1188 315 12 71 36 20 32 46 39 62 42 140 34 30
internal_value=0.0777943 -0.0217205 0.121023 -0.047624 0.0853296 0.0321053 -0.0682674 0.11991 -0.0814951 0.0819177 0.097955 -0.0389896 -0.0149685 0.127915 0.073573 0.0921081 -0.089686 -0.0608273 -0.0189651 0.0713519 0.155222 0.0845685 0.166046 0.0829351 0.101106 0.117335 -0.0561183 -0.0118115 0.06469 0.00969601
internal_weight=1470.17 445.227 1024.95 375.313 500.285 197.028 328.702 303.257 302.259 115.855 46.6106 81.1733 17.5332 290.578 67.3453 13.6185 288.641 134.022 77.8089 31.7745 21.1359 15.7906 29.0774 26.4426 103.599 69.9141 74.7373 38.9384 33.8733 30.802
internal_count=4739 2521 2218 2369 1437 776 2203 661 2124 340 166 436 94 600 187 46 2078 890 454 139 68 56 72 79 274 152 420 182 96 115
is_linear=0
shrinkage=0.1


end of trees

feature_importances:
w_vol_compression=31
w_bb_position=23
rs_vs_market_5d=14
pre1_bb_width=10
pre5_momentum_5d=10
pre5_bb_position=9
obv_slope_5d=9
adl_divergence=9
mo_trend=7
pre1_vol_ratio=6
pre3_bb_width=5
pre1_ema20_slope=4
base_tightness_10d=4
pre5_rsi=3
pre3_momentum_5d=3
pre1_rsi_slope=3
w_rsi=3
pre5_bb_width=2
pre3_vol_ratio=2
pre5_macd_hist=2
pre1_adx=2
pre1_macd_hist=2
rs_vs_market_20d=2
pre1_rsi=1
pre3_rsi=1
pre5_compression_days=1
pre3_adx=1
pre5_adx=1
pre3_macd_hist=1
pre1_di_diff=1
pre1_body_ratio=1
pre1_lower_shadow=1
pre1_turnover_ratio=1
closing_strength=1
vol_dryup_days=1
up_volume_ratio_10d=1
range_compression_20d=1
higher_lows_streak=1

parameters:
[boosting: gbdt]
[objective: binary]
[metric: auc]
[tree_learner: serial]
[device_type: cpu]
[data_sample_strategy: bagging]
[data: ]
[valid: ]
[num_iterations: 500]
[learning_rate: 0.1]
[num_leaves: 31]
[num_threads: 14]
[seed: 0]
[deterministic: 0]
[force_col_wise: 0]
[force_row_wise: 0]
[histogram_pool_size: -1]
[max_depth: -1]
[min_data_in_leaf: 20]
[min_sum_hessian_in_leaf: 0.001]
[bagging_fraction: 1]
[pos_bagging_fraction: 1]
[neg_bagging_fraction: 1]
[bagging_freq: 0]
[bagging_seed: 3]
[bagging_by_query: 0]
[feature_fraction: 1]
[feature_fraction_bynode: 1]
[feature_fraction_seed: 2]
[extra_trees: 0]
[extra_seed: 6]
[early_stopping_round: 0]
[early_stopping_min_delta: 0]
[first_metric_only: 0]
[max_delta_step: 0]
[lambda_l1: 0]
[lambda_l2: 0]
[linear_lambda: 0]
[min_gain_to_split: 0]
[drop_rate: 0.1]
[max_drop: 50]
[skip_drop: 0.5]
[xgboost_dart_mode: 0]
[uniform_drop: 0]
[drop_seed: 4]
[top_rate: 0.2]
[other_rate: 0.1]
[min_data_per_group: 100]
[max_cat_threshold: 32]
[cat_l2: 10]
[cat_smooth: 10]
[max_cat_to_onehot: 4]
[top_k: 20]
[monotone_constraints: ]
[monotone_constraints_method: basic]
[monotone_penalty: 0]
[feature_contri: ]
[forcedsplits_filename: ]
[refit_decay_rate: 0.9]
[cegb_tradeoff: 1]
[cegb_penalty_split: 0]
[cegb_penalty_feature_lazy: ]
[cegb_penalty_feature_coupled: ]
[path_smooth: 0]
[interaction_constraints: ]
[verbosity: -1]
[saved_feature_importance_type: 0]
[use_quantized_grad: 0]
[num_grad_quant_bins: 4]
[quant_train_renew_leaf: 0]
[stochastic_rounding: 1]
[linear_tree: 0]
[max_bin: 255]
[max_bin_by_feature: ]
[min_data_in_bin: 3]
[bin_construct_sample_cnt: 200000]
[data_random_seed: 1]
[is_enable_sparse: 1]
[enable_bundle: 1]
[use_missing: 1]
[zero_as_missing: 0]
[feature_pre_filter: 1]
[pre_partition: 0]
[two_round: 0]
[header: 0]
[label_column: ]
[weight_column: ]
[group_column: ]
[ignore_column: ]
[categorical_feature: ]
[forcedbins_filename: ]
[precise_float_parser: 0]
[parser_config_file: ]
[objective_seed: 5]
[num_class: 1]
[is_unbalance: 0]
[scale_pos_weight: 3.41248]
[sigmoid: 1]
[boost_from_average: 1]
[reg_sqrt: 0]
[alpha: 0.9]
[fair_c: 1]
[poisson_max_delta_step: 0.7]
[tweedie_variance_power: 1.5]
[lambdarank_truncation_level: 30]
[lambdarank_norm: 1]
[label_gain: ]
[lambdarank_position_bias_regularization: 0]
[eval_at: ]
[multi_error_top_k: 1]
[auc_mu_weights: ]
[num_machines: 1]
[local_listen_port: 12400]
[time_out: 120]
[machine_list_filename: ]
[machines: ]
[gpu_platform_id: -1]
[gpu_device_id: -1]
[gpu_use_dp: 0]
[num_gpu: 1]

end of parameters

pandas_categorical:null
