tree
version=v4
num_class=1
num_tree_per_iteration=1
label_index=0
max_feature_idx=6
objective=binary sigmoid:1
feature_names=vol_ratio bb_width rsi price_rank10d atr_pct lower_third_close vol_2_5_3
feature_infos=[5.7681685575516894e-05:4.9981136322021484] [0.013442009687423706:0.85129225254058838] none [0.42837464809417725:1] [0.0033605024218559265:0.21282306313514709] [0:1] [0:1]
tree_sizes=2644 2671 2680 2677 2681 2671 2703 2695 2683 2682 2697 2672 2682 2689 2668 2672 2694 2681

Tree=0
num_leaves=24
num_cat=0
split_feature=1 1 1 3 3 0 3 5 3 5 1 0 3 3 3 3 3 0 0 0 0 3 1
split_gain=41.5938 21.143 17.9044 16.0996 13.2013 11.2242 13.7841 12.667 7.98276 7.74426 6.54006 13.2515 10.3223 6.16849 6.05945 5.89075 8.37463 6.36785 11.3911 5.5865 5.41461 4.93832 4.53549
threshold=0.3357535600662232 0.056964399293065078 0.025960675440728668 0.9088081717491151 0.9367491900920869 0.20316644757986072 0.99521633982658397 1.0000000180025095e-35 0.93984276056289684 1.0000000180025095e-35 0.27751266956329351 2.2353776693344121 0.88150933384895336 0.98777171969413768 0.93549004197120678 0.97967007756233226 0.9710889756679536 0.26719705760478979 0.43844074010849005 0.36012381315231329 1.9147391319274905 0.99684393405914318 0.15683876723051074
decision_type=2 2 2 2 2 2 2 2 2 2 2 2 2 2 2 2 2 2 2 2 2 2 2
left_child=1 2 21 9 10 6 7 22 -7 -2 14 12 -12 -9 -3 16 -4 -17 -19 -16 -20 -1 -6
right_child=3 4 15 -5 5 8 -8 13 -10 -11 11 -13 -14 -15 19 17 -18 18 20 -21 -22 -23 -24
leaf_value=-0.071045445002032026 -0.1623937495932796 -0.12373015282681617 -0.18381196594147242 -0.1756739491449367 -0.1353983693816572 -0.14360314368581178 -0.1730282728331396 -0.12601415089133536 -0.12702081246248836 -0.12850432555961694 -0.079086405821913605 -0.18588317558199921 -0.11547337988980366 -0.08291066050457685 -0.14156000092246654 -0.12798383171231681 -0.093254734028072439 -0.22176968957201526 -0.16642760483630614 -0.089427111214581745 -0.12656898556747134 -0.12333074143378026 -0.15600854531250108
leaf_weight=6.9040956497192409 25.964241772890091 797.29819883406162 3.8407621085643751 57.401025295257568 49.16265943646431 74.131430864334106 25.784661248326302 101.60414904356003 3462.3099788278341 48.061985924839973 27.18793448805809 5.3698837310075751 68.843559935688972 9.0387007594108564 6.5808507055044201 11.953279584646223 7.614782303571701 8.4974140375852567 54.381243303418159 23.449830397963524 10.103458166122435 13.056498244404791 58.404131084680557
leaf_count=25 100 2993 15 223 186 282 100 382 13026 181 99 21 257 33 25 45 28 34 210 86 38 49 224
internal_value=-0.128048 -0.127292 -0.148348 -0.155801 -0.126772 -0.128084 -0.138456 -0.134371 -0.127368 -0.140391 -0.121431 -0.109446 -0.105172 -0.122493 -0.1229 -0.157273 -0.123616 -0.161813 -0.167353 -0.100851 -0.160183 -0.105246 -0.146589
internal_weight=4956.94 4825.52 116.352 131.427 4709.17 3780.44 243.994 218.21 3536.44 74.0262 928.73 101.401 96.0315 110.643 827.329 96.3909 11.4555 84.9354 72.9821 30.0307 64.4847 19.9606 107.567
internal_count=18662 18158 444 504 17714 14233 925 825 13308 281 3481 377 356 415 3104 370 43 327 282 111 248 74 410
is_linear=0
shrinkage=1


Tree=1
num_leaves=24
num_cat=0
split_feature=1 1 1 3 3 0 3 3 5 1 0 3 3 3 3 0 0 1 1 0 5 0 3
split_gain=37.5641 19.086 16.1721 14.608 11.8927 10.3297 8.34054 8.13197 7.00371 5.8855 11.9622 9.26401 5.45084 5.33161 7.56035 5.77186 10.4218 5.316 6.36223 5.02053 4.91033 4.9049 4.4324
threshold=0.3357535600662232 0.056964399293065078 0.025960675440728668 0.9088081717491151 0.9367491900920869 0.1338048726320267 0.93984276056289684 0.98049288988113414 1.0000000180025095e-35 0.27751266956329351 2.2353776693344121 0.88150933384895336 0.93549004197120678 0.97967007756233226 0.9710889756679536 0.26719705760478979 0.43844074010849005 0.18632081151008609 0.19213692843914035 0.36012381315231329 1.0000000180025095e-35 1.9147391319274905 0.99684393405914318
decision_type=2 2 2 2 2 2 2 2 2 2 2 2 2 2 2 2 2 2 2 2 2 2 2
left_child=1 2 22 8 9 7 -7 17 -2 12 11 -11 -3 14 -4 -15 -17 -6 -19 -14 -20 -18 -1
right_child=3 4 13 -5 5 6 -8 -9 -10 10 -12 -13 19 15 -16 16 21 18 20 -21 -22 -23 -24
leaf_value=0.060371246710469055 -0.026260665555642323 0.010517065569361956 -0.046739149943058403 -0.038948003200757919 0.015017010131265661 -0.0093953855445649964 0.0071603389715017667 -0.028433919368439354 0.0059867738755194589 0.052774509032772157 -0.048724190184271016 0.018345943821530708 -0.0064166374669106371 0.0064808113925155821 0.039380520616174697 -0.083269405743712818 -0.030111084910095565 -0.068645976269148201 -0.025272453384195939 0.043000184773275496 0.020351451598544828 0.0078235757449152381 0.010895949715060577
leaf_weight=6.9267665147781399 25.911179035902023 797.86851024627686 3.8258317708969098 57.219609826803207 33.126571878790855 77.713473677635193 3606.6913648694754 36.272686570882797 48.081905961036682 27.268983036279678 5.3479882925748816 68.926788523793221 6.5777864307165173 11.958632647991179 7.632824569940567 8.4319790303707105 54.252152949571609 4.5518795102834728 12.713677436113358 23.509497761726379 11.000022351741791 10.108891785144804 13.066159904003142
leaf_count=25 100 2993 15 223 124 296 13565 140 181 99 21 257 25 45 28 34 210 18 49 86 41 38 49
internal_value=0.0064199 0.00713732 -0.012881 -0.0199766 0.00763104 0.0063857 0.00681114 -0.00966387 -0.00530576 0.0126982 0.0240592 0.0281055 0.0113049 -0.021384 0.0106268 -0.0257119 -0.0310006 0.00142615 -0.014502 0.0321965 -0.00410899 -0.0241529 0.0280372
internal_weight=4958.99 4827.77 116.203 131.213 4711.57 3782.07 3684.4 97.6648 73.9931 929.5 101.544 96.1958 827.956 96.2103 11.4587 84.7517 72.793 61.3922 28.2656 30.0873 23.7137 64.361 19.9929
internal_count=18662 18158 444 504 17714 14233 13861 372 281 3481 377 356 3104 370 43 327 282 232 108 111 90 248 74
is_linear=0
shrinkage=0.05


Tree=2
num_leaves=24
num_cat=0
split_feature=1 1 1 3 3 0 3 5 3 5 3 1 1 0 0 0 0 0 1 3 3 0 0
split_gain=33.9329 17.2338 14.618 13.2683 10.719 9.49158 12.0648 11.1125 6.46237 6.33563 5.6536 5.39658 10.4883 6.96499 9.86099 7.76182 7.04515 6.45281 13.0635 4.82796 6.83198 5.23681 9.59234
threshold=0.3357535600662232 0.056964399293065078 0.025960675440728668 0.9088081717491151 0.9367491900920869 0.20316644757986072 0.99521633982658397 1.0000000180025095e-35 0.93984276056289684 1.0000000180025095e-35 0.98777171969413768 0.21565580368041995 0.211458794772625 1.1979148983955386 0.97358071804046642 1.3716434836387636 0.87952786684036266 2.1897034645080571 0.2507793009281159 0.97967007756233226 0.9710889756679536 0.26719705760478979 0.43844074010849005
decision_type=2 2 2 2 2 2 2 2 2 2 2 2 2 2 2 2 2 2 2 2 2 2 2
left_child=1 2 -1 9 11 6 7 -6 -7 -2 -9 12 -3 14 16 -15 -13 -17 -19 20 -4 -21 -23
right_child=3 4 19 -5 5 8 -8 10 -10 -11 -12 13 -14 15 -16 17 -18 18 -20 21 -22 22 -24
leaf_value=0.026611887517085681 -0.025006520634654278 0.010578320950543342 -0.044622362796670707 -0.037144614105124055 -0.011117005041313186 -0.0078956763645966609 -0.03589279399324604 0.0080801580149563648 0.0070335919753886783 0.0056852478807690966 0.049293838226937392 0.019583127503339709 -0.025072442030533205 -0.0370292668615076 0.051693171157488629 0.027160606467262351 -0.020514994235002634 0.033520286780426581 -0.057121812066495685 0.0061542182684952923 0.037355815813727371 -0.079994761533465547 -0.022997935844285548
leaf_weight=20.009857192635536 25.851683914661407 595.96052706241608 3.8074193000793439 57.003260433673859 107.45118449628353 74.034639298915863 25.681233301758766 101.68849052488804 3465.6021659374237 48.099950879812241 9.0627218484878522 227.33067575097084 21.370183944702148 10.865079820156096 23.352772980928421 23.781172394752502 11.508806601166723 7.5890080481767646 8.3471386581659299 11.963461339473723 7.6438835859298706 8.3405505120754224 64.218264698982239
leaf_count=74 100 2233 15 223 410 282 100 382 13026 181 33 846 82 42 85 88 44 28 33 45 28 34 248
internal_value=0.00609669 0.00677765 -0.0122631 -0.019017 0.00724617 0.00606397 -0.0034767 0.000338493 0.00672133 -0.00504384 0.0114527 0.0120551 0.0093442 0.0174058 0.020683 0.000418469 0.0176509 0.0106627 -0.0139568 -0.0203683 0.0100991 -0.0244961 -0.0295497
internal_weight=4960.56 4829.61 115.983 130.955 4713.63 3783.52 243.884 218.202 3539.64 73.9516 110.751 930.105 617.331 312.775 262.192 50.5824 238.839 39.7173 15.9361 95.9736 11.4513 84.5223 72.5588
internal_count=18662 18158 444 504 17714 14233 925 825 13308 281 415 3481 2315 1166 975 191 890 149 61 370 43 327 282
is_linear=0
shrinkage=0.05


Tree=3
num_leaves=24
num_cat=0
split_feature=1 1 1 3 3 0 3 3 5 1 0 3 3 1 1 0 3 3 0 0 0 3 5
split_gain=30.6586 15.5635 13.2168 12.062 9.66326 8.63232 7.04796 6.85979 5.7325 5.12278 9.72177 8.27602 4.90082 4.78219 5.83784 4.53088 4.37263 6.17898 4.75372 8.87649 4.45754 4.3039 4.24401
threshold=0.3357535600662232 0.056964399293065078 0.025960675440728668 0.9088081717491151 0.9367491900920869 0.1338048726320267 0.98049288988113414 0.93984276056289684 1.0000000180025095e-35 0.27751266956329351 2.2353776693344121 0.88150933384895336 0.93549004197120678 0.18632081151008609 0.19213692843914035 0.36012381315231329 0.97967007756233226 0.9710889756679536 0.26719705760478979 0.43844074010849005 1.9147391319274905 0.99999433755874645 1.0000000180025095e-35
decision_type=2 2 2 2 2 2 2 2 2 2 2 2 2 2 2 2 2 2 2 2 2 2 2
left_child=1 2 -1 8 9 6 13 -7 -2 12 11 -11 -3 -6 -15 -14 17 -4 -18 -20 -21 -22 -16
right_child=3 4 16 -5 5 7 -8 -9 -10 10 -12 -13 15 14 22 -17 18 -19 19 20 21 -23 -24
leaf_value=0.025259228454558469 -0.023817358138557745 0.0094002164222857284 -0.042635897109412624 -0.03544375681205357 0.014264552343785864 -0.0085603709748557754 -0.0264462762146568 0.0064633110141568903 0.0053990991900066572 0.048960088985913787 -0.0440126348555476 0.016444871018768764 -0.006736289659511111 -0.065764144233278879 -0.023530031339578816 0.040192258544557526 0.0058443251748923584 0.035463983769827373 -0.077067039744152882 -0.027602739796917283 0.037320267184555486 -0.028495346701291526 0.018898666211217049
leaf_weight=20.026856392621994 25.786963552236557 798.83251430094242 3.7861136198043805 56.758031815290451 33.155290320515633 77.613483101129532 36.129790633916855 3609.6515492796898 48.11629830300808 27.310214787721634 5.2811545580625525 69.048438191413879 6.5806923061609295 4.5272961258888271 12.673546105623245 23.548853933811188 11.967816710472105 7.6489096283912659 8.2273645848035795 53.975717082619667 5.6904042363166791 4.4082189798355103 11.017500460147858
leaf_count=74 100 2993 15 223 124 296 140 13565 181 99 21 257 25 18 49 86 45 28 34 210 21 17 41
internal_value=0.00579018 0.00643654 -0.0116782 -0.0181087 0.00688114 0.00575877 -0.00892563 0.00614708 -0.00479536 0.0114458 0.0220402 0.0256604 0.0101468 0.00138852 -0.0137402 0.0299424 -0.0194077 0.00960527 -0.0233446 -0.0281761 -0.0218984 0.00859064 -0.0037986
internal_weight=4961.76 4831.1 115.731 130.661 4715.37 3784.77 97.5034 3687.27 73.9033 930.602 101.64 96.3587 828.962 61.3736 28.2183 30.1295 95.7045 11.435 84.2695 72.3017 64.0743 10.0986 23.691
internal_count=18662 18158 444 504 17714 14233 372 13861 281 3481 377 356 3104 232 108 111 370 43 327 282 248 38 90
is_linear=0
shrinkage=0.05


Tree=4
num_leaves=24
num_cat=0
split_feature=1 1 1 3 3 0 3 1 0 0 0 5 1 1 3 1 3 1 0 3 1 3 5
split_gain=27.7051 14.0592 11.9565 10.9732 8.75263 7.67504 6.83888 6.12878 7.58499 8.10987 5.85425 5.18769 4.781 4.37443 4.22744 10.6907 5.83067 5.81326 4.17493 7.63563 4.07086 4.05731 5.60769
threshold=0.3357535600662232 0.056964399293065078 0.025960675440728668 0.9088081717491151 0.92460206151008617 0.36012381315231329 0.99999433755874645 0.27751266956329351 2.2353776693344121 0.67968016862869274 0.37474055588245397 1.0000000180025095e-35 0.21992287039756778 0.22598917782306674 0.94697409868240368 0.36962883174419409 0.96128296852111828 0.35792648792266851 0.42292618751525884 0.73852169513702404 0.27358171343803411 0.95729780197143566 1.0000000180025095e-35
decision_type=2 2 2 2 2 2 2 2 2 2 2 2 2 2 2 2 2 2 2 2 2 2 2
left_child=1 2 -1 11 7 6 21 20 9 -9 12 18 -7 -8 17 16 -16 -5 -2 -20 -3 -6 -23
right_child=3 4 -4 14 5 10 13 8 -10 -11 -12 -13 -14 -15 15 -17 -18 -19 19 -21 -22 22 -24
leaf_value=0.023984432857662316 0.0026996093099907722 0.010536612292567407 -0.01850354537761267 -0.076469059549729032 0.0073904168184345037 0.01775794686601494 -0.024144421655099415 0.016934780665530048 -0.042770516137685642 0.050858474844209203 0.0064618247513159284 0.0051275252721872857 0.067528829493607348 0.024127203708407239 0.054556930070499936 -0.058111034283155588 -0.013219909506605232 -0.031147536049862201 0.018811428775687422 -0.059715424498378356 -0.028457478013036386 -0.005314556323563425 0.0053693319378205111
leaf_weight=20.036457821726799 9.9365177154541033 547.18340656161308 95.383931621909142 10.357098340988157 264.4048792719841 56.343423113226891 37.585105538368225 54.961790859699249 3.9946065545082083 25.928994610905647 3216.035195633769 48.131108894944191 5.2770290672779074 5.3629674315452567 4.8326070606708553 9.7283916771411878 9.2410672903060895 22.33007475733757 4.2287344932556143 11.552827000617979 6.7760020047426215 260.98290948569775 231.9974265396595
leaf_count=74 38 2047 370 42 993 210 145 204 16 94 12078 181 19 20 18 39 36 88 16 46 26 990 872
internal_value=0.0054995 0.00611306 -0.0111278 -0.017248 0.00653495 0.00568246 0.00129277 0.0119767 0.0244874 0.0278088 0.00675432 -0.0045595 0.0220202 -0.0181167 -0.0338359 -0.0178069 0.0100532 -0.0455079 -0.0226887 -0.0386738 0.0100596 0.0023934 -0.000286699
internal_weight=4962.59 4832.25 115.42 130.338 4716.83 4077.99 800.333 638.845 84.8854 80.8908 3277.66 73.8492 61.6205 42.9481 56.4892 23.8021 14.0737 32.6872 25.7181 15.7816 553.959 757.385 492.98
internal_count=18662 18158 444 504 17714 15327 3020 2387 314 298 12307 281 229 165 223 93 54 130 100 62 2073 2855 1862
is_linear=0
shrinkage=0.05


Tree=5
num_leaves=24
num_cat=0
split_feature=1 1 1 3 3 0 3 5 3 3 5 1 1 0 0 0 0 0 1 0 3 3 3
split_gain=25.0472 12.693 10.8064 9.99498 7.9533 7.55501 10.097 9.38589 5.26045 5.19876 4.69788 4.43636 9.45883 6.00503 8.7383 7.113 6.41369 5.08462 11.1092 4.64919 5.43803 4.00811 3.97282
threshold=0.3357535600662232 0.056964399293065078 0.025960675440728668 0.9088081717491151 0.9367491900920869 0.20316644757986072 0.99521633982658397 1.0000000180025095e-35 0.93984276056289684 0.98777171969413768 1.0000000180025095e-35 0.21565580368041995 0.211458794772625 1.1979148983955386 0.97358071804046642 1.3716434836387636 0.87952786684036266 2.1897034645080571 0.2507793009281159 0.45043562352657324 0.91107726097106945 0.99684393405914318 0.97967007756233226
decision_type=2 2 2 2 2 2 2 2 2 2 2 2 2 2 2 2 2 2 2 2 2 2 2
left_child=1 2 21 10 11 6 7 -6 -7 -9 -2 12 -3 14 16 -15 -13 -17 -19 -14 -21 -1 -4
right_child=3 4 22 -5 5 8 -8 9 -10 -11 -12 13 19 15 -16 17 -18 18 -20 20 -22 -23 -24
leaf_value=0.05354327128148767 -0.021626033310345457 0.0090601263098227993 0.010075965314303485 -0.032326264428363428 -0.010388878906231643 -0.0074191447889415986 -0.033093918801418182 0.0071228059293898596 0.0060553006426890986 0.04661751299096642 0.0048697531827339539 0.017220270791444614 -0.053673715363072964 -0.03645756878470198 0.047396755222629122 0.023827891516239139 -0.021034406017002683 0.030840115993455836 -0.052968248300777891 -0.033488941493386014 0.032242458395873107 0.006526827486769581 -0.021383978225954642
leaf_weight=6.9281494617462185 25.638973563909531 596.79780285060406 11.400595575571058 56.186174184083939 107.30209520459175 73.978383958339691 25.507646173238754 101.77511505782604 3469.290836006403 9.0752189010381681 48.144533306360245 227.68566580116749 8.4362956434488314 10.854364469647406 23.394898056983948 23.810035064816475 11.51058393716812 7.606248974800109 8.2351170778274518 7.5123003423213941 5.4144078344106674 13.111521676182745 83.784985676407814
leaf_count=25 100 2233 43 223 410 282 100 382 13026 33 181 846 33 42 85 88 44 28 33 29 20 49 327
internal_value=0.00522347 0.00580591 -0.0105901 -0.016437 0.00620633 0.00518833 -0.00332803 0.000152371 0.00577397 0.0103562 -0.00433725 0.010346 0.00788994 0.0151951 0.0182319 -0.00059405 0.0153794 0.0092234 -0.0127276 -0.0248005 -0.00595706 0.0227814 -0.0176159
internal_weight=4963.38 4833.41 115.225 129.97 4718.19 3786.93 243.66 218.152 3543.27 110.85 73.7835 931.258 618.161 313.097 262.591 50.5058 239.196 39.6514 15.8414 21.363 12.9267 20.0397 95.1856
internal_count=18662 18158 444 504 17714 14233 925 825 13308 415 281 3481 2315 1166 975 191 890 149 61 82 49 74 370
is_linear=0
shrinkage=0.05


Tree=6
num_leaves=24
num_cat=0
split_feature=1 1 1 3 3 5 0 1 1 1 0 3 0 1 1 5 3 3 0 3 0 0 3
split_gain=22.6399 11.4618 9.77259 9.10244 7.45494 6.90798 9.51511 7.8353 7.69934 5.92117 5.16695 7.41979 7.35731 10.3233 5.66099 5.33236 11.2093 8.47884 5.14114 4.99636 5.17132 4.79746 8.32002
threshold=0.3357535600662232 0.056964399293065078 0.025960675440728668 0.9088081717491151 0.90242683887481701 1.0000000180025095e-35 2.5749065876007085 0.22438821196556094 0.16644383966922763 0.21565580368041995 0.36012381315231329 0.95729780197143566 0.038278672844171531 0.18288177251815799 0.090083643794059767 1.0000000180025095e-35 0.98615649342536937 0.99552586674690258 1.4072380065917971 0.90055844187736522 0.40771095454692846 0.17622658610343936 0.96588769555091869
decision_type=2 2 2 2 2 2 2 2 2 2 2 2 2 2 2 2 2 2 2 2 2 2 2
left_child=1 2 -1 -2 5 8 7 19 18 -10 11 14 13 -13 -6 21 -17 -18 -3 20 -7 -14 -23
right_child=3 4 -4 -5 10 6 -8 -9 9 -11 -12 12 15 -15 -16 16 17 -19 -20 -21 -22 22 -24
leaf_value=0.021660234103324967 -0.0041244292117250218 0.051140150532000252 -0.01677663347407736 -0.030880379288417539 0.055393951820456325 0.022815796283541686 -0.051024067608024241 0.021781519872646982 0.00073487592547239811 0.024955702947776506 0.0062320850726655871 0.0026192294314751358 -0.017050398543941508 -0.081068503764315819 0.0066773407659925848 -0.00037182568977532393 0.037962114183603242 -0.02131742697688515 -0.009783824707845187 -0.045526405867685971 -0.0041012332101412786 -0.025023067072477964 0.0022169590882302509
leaf_weight=20.024075508117676 73.721178323030472 27.524315193295482 94.957677230238914 55.88387855887413 6.0640259087085715 24.015165165066719 6.8340675085782996 71.334047317504883 41.981407538056374 63.249176859855652 3504.7086937576532 7.8794192969799024 66.618827015161514 6.9224297702312469 358.58352598547935 187.04472708702087 35.708475455641747 7.2581624239683142 3.9611048251390448 5.6691479831933966 69.437152102589607 32.837974697351456 191.52133090794086
leaf_count=74 281 100 370 223 22 89 27 264 158 234 13149 30 257 28 1345 705 131 28 15 22 262 126 722
internal_value=0.00496174 0.00551465 -0.0100829 -0.0156612 0.00589469 0.0133381 0.00682563 0.009145 0.0217833 0.0152929 0.00536411 0.00198575 -0.00175861 -0.0365193 0.00748749 -0.000771021 0.00491843 0.0279483 0.0434755 5.096e-05 0.00281584 -0.0052684 -0.00176998
internal_weight=4963.74 4834.13 114.982 129.605 4719.15 314.006 177.29 170.456 136.716 105.231 4405.15 900.439 535.791 14.8018 364.648 520.989 230.011 42.9666 31.4854 99.1215 93.4523 290.978 224.359
internal_count=18662 18158 444 504 17714 1171 664 637 507 392 16543 3394 2027 58 1367 1969 864 159 115 373 351 1105 848
is_linear=0
shrinkage=0.05


Tree=7
num_leaves=24
num_cat=0
split_feature=1 1 1 3 3 5 0 1 1 1 0 0 0 3 0 1 1 5 3 3 1 3 1
split_gain=20.4616 10.3492 8.83462 8.29635 6.72821 6.22651 8.61973 7.07068 6.9336 5.34045 4.6998 4.69297 4.65956 6.69481 6.68078 9.47326 5.09697 4.81382 10.1097 7.64206 4.62206 5.90275 5.73106
threshold=0.3357535600662232 0.056964399293065078 0.025960675440728668 0.9088081717491151 0.90242683887481701 1.0000000180025095e-35 2.5749065876007085 0.22438821196556094 0.16644383966922763 0.21565580368041995 0.2537831068038941 0.97358071804046642 0.36012381315231329 0.95729780197143566 0.038278672844171531 0.18288177251815799 0.090083643794059767 1.0000000180025095e-35 0.98615649342536937 0.99552586674690258 0.091666553169488921 0.98118722438812267 0.077524639666080489
decision_type=2 2 2 2 2 2 2 2 2 2 2 2 2 2 2 2 2 2 2 2 2 2 2
left_child=1 2 -1 -2 5 8 7 -7 11 -10 -9 -3 13 16 15 -15 -6 -16 20 -20 21 22 -19
right_child=3 4 -4 -5 12 6 -8 10 9 -11 -12 -13 -14 14 17 -17 -18 18 19 -21 -22 -23 -24
leaf_value=0.020584529137592057 -0.0039195761512146625 0.05176713159948633 -0.01597341541535157 -0.029506176745947632 0.052526627297122257 4.8146288771996681e-05 -0.048713812466771367 -0.0037413087031873808 0.00069811046247293532 0.023698601625629222 0.027432190616585608 0.005837276731126816 0.0059188095019693894 0.0024876567389676926 -0.0050077732049881715 -0.077920179719777272 0.0063416093515179413 -0.031353267134926643 0.036027198214380489 -0.020291743919606135 -0.0032284008979073138 0.067255978286831428 0.029092274967582023
leaf_weight=20.01712928712368 73.696060568094254 24.306012988090519 94.751317292451859 55.570351213216782 6.0749675184488288 99.114689975976944 6.8010916709899893 15.42647637426853 41.982682734727859 63.273314356803894 55.91194124519825 7.2117292284965506 3505.6730755865574 7.8813047260045987 290.83238157629967 6.843969538807869 358.68625971674919 6.2389422208070817 35.743916749954224 7.2441481053829184 164.96727934479713 5.2782793194055548 10.556937292218207
leaf_count=74 281 88 370 223 22 373 27 58 158 234 206 27 13149 30 1105 28 1345 24 131 28 623 19 39
internal_value=0.00471314 0.00523804 -0.00959723 -0.014919 0.00559876 0.0126698 0.00648524 0.00868769 0.0206849 0.0145246 0.0206911 0.0412577 0.00509479 0.00188631 -0.00167184 -0.0348841 0.0071108 -0.000732894 0.00467195 0.0265366 -0.00035324 0.0211338 0.00663937
internal_weight=4964.08 4834.82 114.768 129.266 4720.05 314.028 177.254 170.453 136.774 105.256 71.3384 31.5177 4406.02 900.348 535.587 14.7253 364.761 520.862 230.03 42.9881 187.041 22.0742 16.7959
internal_count=18662 18158 444 504 17714 1171 664 637 507 392 264 115 16543 3394 2027 58 1367 1969 864 159 705 82 63
is_linear=0
shrinkage=0.05


Tree=8
num_leaves=24
num_cat=0
split_feature=1 1 1 3 3 0 3 5 3 1 0 5 3 0 1 0 3 3 1 1 3 0 3
split_gain=18.4942 9.34507 7.98736 7.56399 6.20047 5.65159 8.43041 7.62599 4.78968 4.43051 6.53678 4.25718 4.13793 4.03587 4.02391 5.88931 7.00285 3.94841 9.92851 5.5044 5.2931 3.81675 6.99971
threshold=0.3357535600662232 0.056964399293065078 0.025960675440728668 0.9088081717491151 0.9367491900920869 0.20316644757986072 0.99521633982658397 1.0000000180025095e-35 0.93984276056289684 0.17021623998880389 0.16352977603673938 1.0000000180025095e-35 0.93549004197120678 0.36012381315231329 0.27751266956329351 2.2353776693344121 0.88150933384895336 0.94697409868240368 0.36962883174419409 0.35792648792266851 0.96128296852111828 0.42292618751525884 0.73852169513702404
decision_type=2 2 2 2 2 2 2 2 2 2 2 2 2 2 2 2 2 2 2 2 2 2 2
left_child=1 2 -1 11 12 6 7 -6 -7 -9 -11 21 14 -14 -3 16 -16 19 20 -5 -19 -2 -23
right_child=3 4 -4 17 5 8 -8 9 -10 10 -12 -13 13 -15 15 -17 -18 18 -20 -21 -22 22 -24
leaf_value=0.019566251666488545 0.0040595453389631157 0.0071614682007273295 -0.01520901682736113 -0.070280892474544637 -0.0093012537725852724 -0.0076614026004654147 -0.030288910639832602 0.018172406657448424 0.0051934176287128332 0.01174865237604032 -0.026683196199658046 0.0050293124432406727 -0.0067720127094395288 0.035801267176023811 0.042036300725982245 -0.0356086042762606 0.011939814249153585 0.056787619461894083 -0.052052581767089393 -0.0255575957261297 -0.0081112961390968508 0.019379421245100302 -0.055969271431346605
leaf_weight=20.006198272109032 9.9031214714050311 800.0352144241333 94.543229922652245 10.040192902088167 107.05902633070946 74.007381021976471 25.275672629475594 62.675912395119667 3471.9289180636406 30.941076397895813 17.223031744360924 48.136295974254608 7.1266427785158148 25.433056890964508 27.17120186984539 4.8978128582239142 66.955986186861992 4.8046689033508327 9.4688805639743787 21.857315570116043 9.0776492357254011 4.2231884002685538 11.409019470214842
leaf_count=74 38 2993 370 42 410 282 100 233 13026 116 66 181 27 93 99 20 249 18 39 88 36 16 46
internal_value=0.00447723 0.00497555 -0.00913547 -0.0142129 0.00531796 0.00441944 -0.00295439 0.000216336 0.00492512 0.00940926 -0.00199421 -0.00372487 0.00897245 0.0264829 0.00833831 0.0178461 0.0206276 -0.0281983 -0.012576 -0.0396349 0.0143502 -0.0202272 -0.0356131
internal_weight=4964.2 4835.28 114.549 128.92 4720.73 3789.11 243.175 217.899 3545.94 110.84 48.1641 73.6716 931.62 32.5597 899.06 99.025 94.1272 55.2487 23.3512 31.8975 13.8823 25.5353 15.6322
internal_count=18662 18158 444 504 17714 14233 925 825 13308 415 182 281 3481 120 3361 368 348 223 93 130 54 100 62
is_linear=0
shrinkage=0.05


Tree=9
num_leaves=24
num_cat=0
split_feature=1 1 1 3 3 0 0 3 1 0 0 1 1 1 5 3 3 3 3 0 0 0 3
split_gain=16.7308 8.43876 7.2218 6.90561 5.71971 5.05998 5.27337 4.81059 4.53866 5.16753 7.17876 4.29589 3.90702 3.86274 3.85787 3.65858 3.62668 5.61433 4.55735 7.75006 3.97228 6.11288 3.62503
threshold=0.3357535600662232 0.056964399293065078 0.025960675440728668 0.9088081717491151 0.92460206151008617 0.36012381315231329 0.37474055588245397 0.99999433755874645 0.27751266956329351 2.2353776693344121 0.67968016862869274 0.22764689475297931 0.27358171343803411 0.22598917782306674 1.0000000180025095e-35 0.99684393405914318 0.97967007756233226 0.9710889756679536 0.98142728209495556 2.3438211679458623 0.28088358044624334 0.43844074010849005 0.94697409868240368
decision_type=2 2 2 2 2 2 2 2 2 2 2 2 2 2 2 2 2 2 2 2 2 2 2
left_child=1 2 15 14 8 7 11 -6 12 10 -10 -7 -3 -9 -2 -1 17 -4 -18 20 -20 -22 -5
right_child=3 4 16 22 5 6 -8 13 9 -11 -12 -13 -14 -15 -16 -17 18 -19 19 -21 21 -23 -24
leaf_value=0.048132081440367583 -0.019295042970014976 0.0082709901380279196 -0.038327873447448813 -0.038003990273658 0.0017170481170716489 0.016022950234259006 0.0049544597336827947 -0.021251859907127534 0.012716456655851277 -0.03624435110682258 0.044686648759123253 0.066923947622067742 -0.029919849774046249 0.024164277622868144 0.0047765296102325102 0.0031088738221681819 -0.058685956252902099 0.036520291770924605 0.0075333403493923453 0.041644753053668493 -0.070086712704314214 -0.018804344294020735 -0.012000064499279846
leaf_weight=6.8793037235736874 25.438742369413376 547.86100381612778 3.7262687981128675 31.612613439559937 757.39580377936363 57.263033956289291 3220.2587515711784 37.269174352288246 54.891684874892235 3.8643215149641028 25.817610651254654 4.4686289727687827 6.779678300023078 5.3544543683528891 48.149233281612396 13.112601190805433 6.3876867443323126 7.6467509865760803 11.608195781707762 5.6475054174661627 6.5297890156507483 52.788477718830109 23.265477389097214
leaf_count=25 100 2047 15 130 2855 213 12078 145 204 16 94 16 26 20 181 49 26 28 44 21 28 208 93
internal_value=0.00425332 0.00472646 -0.00869625 -0.0135557 0.00505149 0.00436282 0.00523195 0.000797271 0.00944938 0.0202388 0.0229432 0.0197076 0.00780416 -0.0155466 -0.00354481 0.0186016 -0.0144813 0.011997 -0.0181112 -0.0147265 -0.0192151 -0.0244495 -0.0269797
internal_weight=4964.02 4835.55 114.327 128.466 4721.22 4082.01 3281.99 800.019 639.214 84.5736 80.7093 61.7317 554.641 42.6236 73.588 19.9919 94.3347 11.373 82.9617 76.574 70.9265 59.3183 54.8781
internal_count=18662 18158 444 504 17714 15327 12307 3020 2387 314 298 229 2073 165 281 74 370 43 327 301 280 236 223
is_linear=0
shrinkage=0.05


Tree=10
num_leaves=24
num_cat=0
split_feature=1 1 1 3 3 5 0 1 1 1 3 0 3 0 0 0 5 0 1 1 1 6 0
split_gain=15.1279 7.62714 6.5412 6.29826 5.29376 5.70584 7.42065 6.34651 5.93731 4.80219 4.51582 4.66193 4.53964 7.79785 8.58469 4.31486 4.2565 9.84789 6.71077 11.6667 11.3339 4.70401 7.00254
threshold=0.3357535600662232 0.056964399293065078 0.025960675440728668 0.9088081717491151 0.90242683887481701 1.0000000180025095e-35 2.5749065876007085 0.16644383966922763 0.22438821196556094 0.17608191817998889 0.90055844187736522 0.40771095454692846 0.88150933384895336 0.69105839729309093 0.91818085312843334 1.4072380065917971 1.0000000180025095e-35 0.15070394426584247 0.19774951040744784 0.18824291974306109 0.18885756283998492 1.0000000180025095e-35 2.9039415121078496
decision_type=2 2 2 2 2 2 2 2 2 2 2 2 2 2 2 2 2 2 2 2 2 2 2
left_child=1 2 -1 -2 5 7 8 15 10 -9 11 -7 13 -13 -15 -3 17 -6 19 -18 -21 -19 -23
right_child=3 4 -4 -5 16 6 -8 9 -10 -11 -12 12 -14 14 -16 -17 18 21 -20 20 -22 22 -24
leaf_value=0.017703853255330426 -0.0033711049661826979 0.045446919556615117 -0.013814367026583195 -0.025795969117412082 -0.014899008823598712 0.020876687389606491 -0.046342408016781307 -0.020647838245975325 0.018198916876120914 0.016257063859847966 -0.044090669285045445 -0.043030046655111606 0.008296473861132702 0.050381455986555281 -0.019988999693972529 -0.010354198928113364 0.0056473044859589958 0.0039330103903239292 0.011826628996385919 -0.063664250300635272 -0.0066959883168445193 -0.0017507948925740116 -0.041314815480264361
leaf_weight=19.957555741071701 73.522234722971916 27.549504667520527 93.977748483419418 54.537454903125763 74.960297599434853 24.04175078868866 6.7310282737016669 9.7112067043781263 71.203802973031998 95.492228120565414 5.6607267409563056 16.018695592880249 34.23874132335186 6.6059332489967373 12.601209238171576 3.9626489281654349 1500.39745464921 2260.5163569003344 402.82981278002262 9.806140795350073 79.616787254810333 66.378961786627769 13.450087830424307
leaf_count=74 281 100 370 223 290 89 27 37 264 355 22 62 128 24 48 15 5623 8485 1503 39 301 250 52
internal_value=0.00404069 0.00448988 -0.00829346 -0.0129213 0.00479834 0.0110728 0.0051492 0.0187463 0.00718354 0.0128504 -0.00072571 0.00189954 -0.00466847 -0.0172701 0.00421359 0.0384299 0.00435163 0.00294037 0.00606223 0.00460164 -0.0129431 0.00351176 -0.00841678
internal_weight=4963.77 4835.71 113.935 128.06 4721.77 313.817 177.102 136.716 170.371 105.203 99.1671 93.5063 69.4646 35.2258 19.2071 31.5122 4407.96 2415.31 1992.65 1589.82 89.4229 2340.35 79.829
internal_count=18662 18158 444 504 17714 1171 664 507 637 392 373 351 262 134 72 115 16543 9077 7466 5963 340 8787 302
is_linear=0
shrinkage=0.05


Tree=11
num_leaves=24
num_cat=0
split_feature=1 1 3 1 0 0 1 1 3 1 3 3 3 3 0 3 0 3 0 3 3 0 1
split_gain=13.6746 6.88764 5.93043 5.9147 5.50548 8.10293 6.73397 5.49759 4.96286 4.91257 6.69548 6.73336 5.02954 5.12213 4.70972 5.51824 4.41882 6.33093 4.00181 3.7374 6.1555 8.1385 5.44321
threshold=0.3357535600662232 0.056964399293065078 0.73852169513702404 0.025960675440728668 0.41964264214038854 0.35195133090019232 0.36962883174419409 0.52540522813797008 0.90523654222488414 0.28162868320941931 0.97165736556053173 0.95435193181037914 0.99552586674690258 0.98463964462280285 0.1338048726320267 0.98049288988113414 2.2353776693344121 0.88150933384895336 0.8302350938320161 0.99741265177726757 0.99447765946388256 3.4419199228286748 0.11477452144026758
decision_type=2 2 2 2 2 2 2 2 2 2 2 2 2 2 2 2 2 2 2 2 2 2 2
left_child=1 3 7 -1 5 -4 -6 -2 -7 14 11 16 13 -12 15 -3 17 -11 -13 20 -16 -22 -21
right_child=2 9 4 -5 6 8 -8 -9 -10 10 12 18 -14 -15 19 -17 -18 -19 -20 22 21 -23 -24
leaf_value=0.016835429755344796 0.046048485027932823 0.0015075315615665937 -0.014410378662571686 -0.013153203721535958 -0.01034479749327657 0.065807687040051327 -0.043788809264631412 -0.014203645750662422 -0.0023131624448170791 0.038049424297677277 -0.0080352123150785656 0.061420915227770337 0.01314416348410314 -0.072650568838257698 0.0047835655582958575 -0.022356209935711684 -0.033524593037465751 0.0089036327716321487 0.0099041281418916528 -0.0040760003060583408 0.01299947366186683 0.081242286437584729 0.0043902338262564377
leaf_weight=19.938171967864037 7.8640351146459562 79.580931350588799 41.52880834043026 93.771949589252472 31.030177637934685 5.7781730294227582 29.228928580880165 7.3004620522260666 4.9763915985822678 23.970146209001541 8.4496360570192319 12.730619087815287 12.041712239384651 4.8146518617868432 3448.2847598940134 34.826369225978851 4.8230903893709174 83.66087082028389 5.3554080426692954 286.53482677042484 149.87709826231003 4.5000621080398551 562.65548080205917
leaf_count=74 29 301 164 370 123 21 119 28 20 88 32 46 45 19 12927 137 20 312 20 1081 559 16 2111
internal_value=0.00383872 0.00426521 -0.0123108 -0.00789493 -0.0162659 -0.00439354 -0.026567 0.017042 0.0342866 0.00455803 0.0132875 0.0178505 -0.0102507 -0.0314892 0.00426009 -0.00575676 0.0132965 0.0153946 0.0461664 0.00451751 0.00522087 0.0149887 0.00153355
internal_weight=4963.52 4835.82 127.707 113.71 112.542 52.2834 60.2591 15.1645 10.7546 4722.11 155.846 130.54 25.306 13.2643 4566.26 114.407 112.454 107.631 18.086 4451.85 3602.66 154.377 849.19
internal_count=18662 18158 504 444 447 205 242 57 41 17714 582 486 96 51 17132 438 420 400 66 16694 13502 575 3192
is_linear=0
shrinkage=0.05


Tree=12
num_leaves=24
num_cat=0
split_feature=1 1 3 1 0 0 1 0 1 3 3 0 3 0 3 3 0 3 0 0 3 0 0
split_gain=12.3635 6.21984 5.43126 5.42798 6.55738 9.81729 5.19073 6.53571 5.07431 4.60745 4.9331 4.47071 4.94621 4.31818 4.27201 4.13668 4.02922 3.90823 3.68202 9.03481 4.27128 3.60899 3.50006
threshold=0.3357535600662232 0.056964399293065078 0.9088081717491151 0.036927629262208946 0.16352977603673938 0.80422523617744457 0.043635604903101928 0.49111309647560125 0.053700113669037826 0.9367491900920869 0.93984276056289684 0.1338048726320267 0.97165736556053173 0.088500373065471663 0.9547121822834016 0.99864521622657787 1.4393873214721682 0.93549004197120678 1.5623055100440981 0.90188387036323558 0.99305573105812084 0.36012381315231329 0.038278672844171531
decision_type=2 2 2 2 2 2 2 2 2 2 2 2 2 2 2 2 2 2 2 2 2 2 2
left_child=1 3 -2 4 -1 -6 7 -5 18 17 -11 12 13 14 -12 16 -7 -3 19 20 -8 -19 -14
right_child=2 9 -4 6 5 15 8 -9 -10 10 11 -13 22 -15 -16 -17 -18 21 -20 -21 -22 -23 -24
leaf_value=0.05829619349685522 -0.0028811876176056419 0.0068645293960660414 -0.023778638351199043 -0.084220042882309332 -0.030331712478176266 0.062321646273165415 0.032256158621906061 -0.019022075732524787 -0.029400376582963541 -0.0087247034448404825 0.066490966875259822 0.0041007515146692436 -0.040869717166773692 -0.0060361319159463129 0.0087357540804352367 -0.0085031083609994913 0.00032523932990810209 -0.006932071714206455 0.035597478419409447 -0.042055052467435655 -0.015215717662815554 0.03333060485697064 -0.0099380075755060165
leaf_weight=5.4890966564416876 73.419858813285828 898.85865843296051 53.931829556822777 5.4798501580953625 15.186724975705145 7.8644091188907641 12.8560480773449 12.874975264072416 18.422981515526772 80.051559507846832 4.9756678789854041 3616.7510421723127 11.39687532186508 22.632237493991852 8.9807159751653654 6.3069606125354758 3.9306131601333618 7.1276864856481543 6.9079043567180625 10.661675691604612 7.5041066557168952 25.397638648748398 46.296068295836449
leaf_count=20 281 3361 223 23 60 29 49 51 74 305 18 13565 46 86 34 24 15 27 26 43 30 93 179
internal_value=0.00364682 0.00405178 -0.011731 -0.00751555 0.00766229 -0.000686925 -0.0153938 -0.038487 -0.00787202 0.00432975 0.00355565 0.00382055 -0.00692817 0.00745257 0.0293264 0.0241837 0.0416618 0.00748064 0.0025846 -0.00476667 0.0147595 0.0245073 -0.0160484
internal_weight=4963.31 4835.95 127.352 113.485 38.7778 33.2887 74.7075 18.3548 56.3527 4722.47 3791.08 3711.03 94.2816 36.5886 13.9564 18.102 11.795 931.384 37.9297 31.0218 20.3602 32.5253 57.6929
internal_count=18662 18158 504 444 148 128 296 74 222 17714 14233 13928 363 138 52 68 44 3481 148 122 79 120 225
is_linear=0
shrinkage=0.05


Tree=13
num_leaves=24
num_cat=0
split_feature=1 1 3 1 0 0 1 1 3 5 0 1 0 1 0 3 1 3 1 0 5 0 1
split_gain=11.1758 5.62183 5.21213 5.08337 4.99246 7.30718 6.21847 4.9437 4.39393 5.19539 6.56532 5.79849 5.50549 4.7417 6.47557 6.66059 4.44387 4.31856 4.03792 3.96365 3.70949 8.04616 5.91983
threshold=0.3357535600662232 0.056964399293065078 0.73852169513702404 0.025960675440728668 0.41964264214038854 0.35195133090019232 0.36962883174419409 0.52540522813797008 0.90242683887481701 1.0000000180025095e-35 2.5749065876007085 0.16644383966922763 1.9147391319274905 0.22438821196556094 1.5006073117256167 0.90055844187736522 0.21565580368041995 0.90523654222488414 0.211458794772625 0.97358071804046642 1.0000000180025095e-35 0.15070394426584247 0.19774951040744784
decision_type=2 2 2 2 2 2 2 2 2 2 2 2 2 2 2 2 2 2 2 2 2 2 2
left_child=1 3 7 -1 5 -4 -6 -2 9 11 12 19 13 14 15 -11 18 -7 -13 -3 21 -10 -22
right_child=2 8 4 -5 6 17 -8 -9 20 10 -12 16 -14 -15 -16 -17 -18 -19 -20 -21 22 -23 -24
leaf_value=0.015786256854270802 0.043743716774462774 0.045670009235492075 -0.013145284740873937 -0.012054107787796886 -0.0091705253827292846 0.062396093968083821 -0.041447612162571756 -0.013369596817912138 -0.013766420774823951 0.0027335386522658166 -0.044462309787809719 0.0043781433260632737 0.045389862264404592 0.014316707211901817 -0.066907416516013549 -0.057588561626920512 0.019910414129994773 -0.0011832612550380808 -0.045126811055690386 0.0034502506515923315 0.0039312383890420842 0.0029043519438250336 0.010715694145703884
leaf_weight=19.891321286559105 7.8896925002336484 24.24626158177853 41.317523702979088 93.312107115983963 30.875413179397583 5.8020878434181196 28.880299836397171 7.28977270424366 74.688755944371223 86.946884214878082 6.6761776208877555 37.401012495160103 8.4656989276409131 66.16256058216095 3.8169278651475897 4.8303773254156104 63.117179542779922 4.9489405602216721 4.6288712918758383 7.2128266245126715 1590.3374784439802 2341.2393012046814 403.00637236237526
leaf_count=74 29 88 164 370 123 21 119 28 290 326 27 140 31 246 15 19 234 20 18 27 5963 8787 1503
internal_value=0.00346452 0.00384903 -0.0111765 -0.00716219 -0.0149084 -0.00359063 -0.0247702 0.0163157 0.00411296 0.00983248 0.00417621 0.0171571 0.00608383 0.00402671 -0.00309519 -0.000441306 0.0115224 0.0331291 -0.00107398 0.03599 0.0037063 0.00238897 0.00530289
internal_weight=4962.98 4835.98 127.004 113.203 111.824 52.0686 59.7557 15.1795 4722.78 313.505 176.899 136.606 170.222 161.757 95.5942 91.7773 105.147 10.751 42.0299 31.4591 4409.27 2415.93 1993.34
internal_count=18662 18158 504 444 447 205 242 57 17714 1171 664 507 637 606 360 345 392 41 158 115 16543 9077 7466
is_linear=0
shrinkage=0.05


Tree=14
num_leaves=24
num_cat=0
split_feature=1 1 3 1 3 1 0 0 1 0 1 3 1 1 3 3 3 3 0 3 0 3 0
split_gain=10.106 5.07696 4.7178 4.65896 6.5443 4.61325 5.94075 8.84044 4.75538 6.11068 4.61908 4.4692 4.44997 4.13422 5.87242 6.17831 4.57428 4.63829 3.87023 5.5767 3.80182 3.8016 3.72532
threshold=0.3357535600662232 0.056964399293065078 0.73852169513702404 0.52540522813797008 0.79620590806007396 0.036927629262208946 0.16352977603673938 0.80422523617744457 0.043635604903101928 0.49111309647560125 0.053700113669037826 0.9088081717491151 0.52540522813797008 0.28162868320941931 0.97165736556053173 0.95435193181037914 0.99552586674690258 0.98463964462280285 2.2353776693344121 0.88150933384895336 0.52745962142944347 0.99864521622657787 0.36012381315231329
decision_type=2 2 2 2 2 2 2 2 2 2 2 2 2 2 2 2 2 2 2 2 2 2 2
left_child=1 5 12 4 -4 6 -1 -8 9 -7 -10 -6 -2 22 15 18 17 -16 19 -15 -5 -9 -3
right_child=2 13 3 20 11 8 7 21 10 -11 -12 -13 -14 14 16 -17 -18 -19 -20 -21 -22 -23 -24
leaf_value=0.055378678673930495 0.041455875827605154 0.00078524189142325964 -0.058334507623517363 0.039131992739121949 -0.0012275165218324242 -0.081126160297956829 -0.0289960771374583 0.039564210097793102 0.0030603421763881456 -0.017568797154514783 -0.027548581934882667 -0.023531737826198672 -0.012717378374289573 0.035152557487049867 -0.0081061712304108594 0.043300169287208271 0.012174307773609104 -0.069661985957674241 -0.032213108179726682 0.0077106861446011301 -0.020024353590061411 -0.008548463202178929 0.0043499558059072211
leaf_weight=5.4868161976337424 7.9083244204521161 917.04742573201656 9.003309562802313 6.9601268768310529 40.334153309464455 5.3669269531965282 15.121907651424406 11.787281051278116 37.834946691989899 12.804384276270865 18.28050984442234 50.678699493408203 7.2806868851184845 23.777631804347038 8.4496534615755063 18.111023336648941 12.045579612255096 4.7979904413223275 4.7761099934577933 83.625031873583794 4.4540745168924332 6.3001584112644187 3650.2095137089491
leaf_count=20 29 3457 36 26 155 23 60 44 148 51 74 212 28 88 32 66 45 19 20 312 18 24 13675
internal_value=0.00329155 0.00365666 -0.0106527 -0.014216 -0.0176699 -0.00681781 0.00718093 -0.000782256 -0.0141098 -0.0363406 -0.00691101 -0.0136472 0.0154885 0.00390724 0.0119224 0.0162024 -0.0101247 -0.0304003 0.0118275 0.013786 0.0160479 0.0228058 0.00363421
internal_weight=4962.44 4835.82 126.619 111.43 100.016 112.983 38.6962 33.2093 74.2868 18.1713 56.1155 91.0129 15.189 4722.84 155.583 130.29 25.2932 13.2476 112.179 107.403 11.4142 18.0874 4567.26
internal_count=18662 18158 504 447 403 444 148 128 296 74 222 367 57 17714 582 486 96 51 420 400 44 68 17132
is_linear=0
shrinkage=0.05


Tree=15
num_leaves=24
num_cat=0
split_feature=1 3 0 1 0 0 3 0 0 3 1 1 1 0 0 0 0 1 1 3 0 0 1
split_gain=9.13881 4.80861 6.39046 6.6915 4.76667 6.14272 4.66388 8.15693 7.67686 4.43799 14.8661 7.32575 7.17607 4.86946 6.44161 4.44252 11.0368 4.38584 4.37562 4.27101 4.36067 6.51433 5.7458
threshold=0.3357535600662232 0.99741265177726757 0.20316644757986072 0.11477452144026758 0.78326043486595165 0.84952142834663402 0.99447765946388256 3.7368099689483647 3.2212556600570683 0.99552586674690258 0.11894793435931207 0.10545556619763376 0.11139749735593797 0.25775447487831121 0.41208879649639135 0.46910077333450323 0.73781868815422069 0.13162954896688464 0.10296155139803888 0.73852169513702404 0.41964264214038854 0.35195133090019232 0.36962883174419409
decision_type=2 2 2 2 2 2 2 2 2 2 2 2 2 2 2 2 2 2 2 2 2 2 2
left_child=1 6 -3 4 -4 -6 7 -1 9 10 15 -11 -13 -14 -15 -8 -17 -5 -18 -2 21 -21 -22
right_child=19 2 3 17 5 -7 8 -9 -10 11 -12 12 13 14 -16 16 18 -19 -20 20 22 -23 -24
leaf_value=0.0040765769282594512 0.014711616770250364 -0.025835915854394501 -0.015689253886081739 0.01251689897233507 0.027478608971634084 -0.0036895697552665496 0.08522431831512392 -0.021124533533227643 0.067113388778073657 -0.010978882928709483 -0.0040698217719015543 0.068116980527582957 -0.039591839220564785 0.06248657952361597 0.0075914193046168607 -0.012127696653041763 0.044219325214980454 0.0018084384266575802 0.10213424091522622 -0.012028197661497601 -0.0078249759830853038 0.03170462092363778 -0.039005104059642658
leaf_weight=3725.9631728380919 15.190533369779585 22.995290189981461 78.128743499517441 121.84791116416454 17.035199999809265 219.44331015646458 5.6033931821584728 32.388140097260475 6.1479163467884055 46.084940209984779 30.529245883226395 5.8604471534490576 4.5581468343734732 6.105817198753356 42.830996081233025 8.138938173651697 13.608576461672785 444.17653511464596 4.2893170714378348 41.111050203442574 30.701126500964165 10.739669427275656 28.48295359313488
leaf_count=13980 57 92 299 454 63 829 20 124 22 176 115 21 18 22 160 31 50 1667 15 164 123 41 119
internal_value=0.00312714 0.00347382 0.0001848 0.00086426 -0.00498186 -0.00144431 0.00422966 0.0038594 0.0122383 0.0102255 0.0208211 0.00397807 0.015591 0.00983671 0.0144407 0.0448381 0.0361465 0.00411365 0.0580989 -0.0101543 -0.0135562 -0.00296996 -0.0228307
internal_weight=4961.96 4835.74 903.627 880.632 314.607 236.479 3932.11 3758.35 173.758 167.61 62.1695 105.44 59.3554 53.495 48.9368 31.6402 26.0368 566.024 17.8979 126.225 111.035 51.8507 59.1841
internal_count=18662 18158 3404 3312 1191 892 14754 14104 650 628 231 397 221 200 182 116 96 2121 65 504 447 205 242
is_linear=0
shrinkage=0.05


Tree=16
num_leaves=24
num_cat=0
split_feature=1 1 1 3 3 0 0 0 5 1 1 1 5 3 0 3 1 1 3 5 0 3 0
split_gain=8.26308 4.45593 4.40712 4.11123 3.83114 4.76802 5.06513 5.28902 5.03808 7.61273 4.23757 4.66494 7.05122 6.05828 4.64126 3.53511 8.53552 5.72163 4.77705 3.49069 3.4157 5.66369 4.61874
threshold=0.3357535600662232 0.056964399293065078 0.025960675440728668 0.9088081717491151 0.9078233838081361 0.12371942400932313 2.1897034645080571 1.9147391319274905 1.0000000180025095e-35 0.18885756283998492 0.22764689475297931 0.16575065255165103 1.0000000180025095e-35 0.90388399362564098 1.4815518260002138 0.94697409868240368 0.36962883174419409 0.35792648792266851 0.96128296852111828 1.0000000180025095e-35 0.36012381315231329 0.91344887018203746 0.37474055588245397
decision_type=2 2 2 2 2 2 2 2 2 2 2 2 2 2 2 2 2 2 2 2 2 2 2
left_child=1 2 -1 19 5 -3 7 10 -8 -10 11 12 13 -7 -13 17 18 -5 -17 -2 -6 -22 -23
right_child=3 4 -4 15 20 6 8 -9 9 -11 -12 14 -14 -15 -16 16 -18 -19 -20 -21 21 22 -24
leaf_value=0.014878519845355995 -0.017101911329541555 -0.027240543187092209 -0.01109322521269877 -0.063650116767264828 0.00033021164628726916 0.040070407720116913 0.01242646778989364 0.050956155765042047 0.0090352055787084468 -0.077852222589810241 0.017217840284558469 0.0017511469574523289 0.0017478975289109161 -0.010961450591262398 -0.042535752082368691 0.059998538883789192 -0.043403101447972998 -0.016790055555895557 -0.0021389413669539608 0.0059051979834228554 -0.013410495782258447 0.01723077502460332 0.0038017190776199411
leaf_weight=19.819603502750397 25.115350991487503 9.1650079935789091 92.877832144498825 9.4832154512405413 878.118970900774 31.23831507563591 8.4839733242988586 7.9475300014019004 4.4962093681097031 5.7384221851825714 120.62925696372986 126.91999281942844 47.458368644118309 7.1461912542581549 6.2051990032196036 4.7598335444927242 8.8836750537157041 20.805647298693657 8.8331725895404798 47.985717415809631 47.039739996194839 65.273236215114594 3357.3358148783445
leaf_count=74 100 35 370 42 3312 114 32 29 17 24 448 476 178 27 24 18 39 88 36 181 178 242 12578
internal_value=0.00297079 0.00329997 -0.00652569 -0.00967676 0.00353442 0.00838044 0.00927179 0.0106364 -0.0160642 -0.0396814 0.00969277 0.00554722 0.0146355 0.0305696 -0.000313143 -0.020313 -0.00528947 -0.0314616 0.0196196 -0.00199936 0.00311597 0.003821 0.00405783
internal_weight=4961.76 4835.89 112.697 125.867 4723.2 375.428 366.263 347.545 18.7186 10.2346 339.597 218.968 85.8429 38.3845 133.125 52.7655 22.4767 30.2889 13.593 73.1011 4347.77 3469.65 3422.61
internal_count=18662 18158 444 504 17714 1404 1369 1296 73 41 1267 819 319 141 500 223 93 130 54 281 16310 12998 12820
is_linear=0
shrinkage=0.05


Tree=17
num_leaves=24
num_cat=0
split_feature=1 3 0 1 0 0 3 0 0 0 3 6 1 0 1 5 0 0 1 1 0 3 1
split_gain=7.47716 4.35637 5.71242 5.99942 4.29582 5.53518 4.2231 7.32656 7.01601 4.14149 4.03061 4.03084 4.48469 4.88799 4.63699 4.34354 4.77309 7.26143 4.07255 5.78878 3.87887 3.7812 4.19464
threshold=0.3357535600662232 0.99741265177726757 0.20316644757986072 0.11477452144026758 0.78326043486595165 0.84952142834663402 0.99447765946388256 3.7368099689483647 3.4419199228286748 0.74995988607406627 0.99864521622657787 1.0000000180025095e-35 0.16416636854410174 0.31068050861358648 0.16575065255165103 1.0000000180025095e-35 1.5172516703605654 0.95688343048095714 0.1598395258188248 0.15837244689464572 2.8007593154907231 0.73852169513702404 0.52540522813797008
decision_type=2 2 2 2 2 2 2 2 2 2 2 2 2 2 2 2 2 2 2 2 2 2 2
left_child=1 6 -3 4 9 -6 7 -1 -8 -4 -5 12 13 -12 -14 -16 17 -17 19 -15 -13 -2 -23
right_child=21 2 3 10 5 -7 8 -9 -10 -11 11 20 14 18 15 16 -18 -19 -20 -21 -22 22 -24
leaf_value=0.0037079305190842135 0.014153239796977976 -0.0246576946877059 -0.011849059290126494 -0.0161153353815288 0.025910844073027073 -0.00366669777739311 0.0098389673102244873 -0.020191463357735064 0.073133302658089885 -0.056341211852518419 -0.041873440977611476 0.00051727999807034343 -0.048465070447171937 0.010947389053327912 0.0044433552538222223 -0.0062050915539837168 0.0087802198204268503 -0.072931844707937274 0.035972824575015348 -0.04251359516428508 -0.031676597824670687 -0.015758429697783804 0.016333990472326962
leaf_weight=3726.0952725410461 15.1936719417572 22.885456994175911 72.413491249084473 24.499919429421425 17.046808660030365 219.40756990015507 169.19625672698021 32.345985576510429 4.4945528805255881 5.6375370919704428 4.3771293461322776 27.965421944856644 4.6418980509042731 229.65563558042049 211.75530725717545 10.062835499644285 11.25271116197109 6.8544492423534384 15.82672570645809 5.1776908785104743 14.060204505920408 98.876143097877502 11.350801676511763
leaf_count=13980 57 92 277 93 63 829 634 124 16 22 17 105 18 856 793 38 42 27 58 20 54 403 44
internal_value=0.00282251 0.00313512 4.35948e-06 0.000645263 -0.00489169 -0.00153435 0.0038545 0.00350225 0.0114768 -0.0150627 0.00372124 0.00461852 0.00586953 0.0105085 0.00103197 0.00198961 -0.0164554 -0.0332411 0.0114232 0.00976866 -0.0102536 -0.00923045 -0.0124537
internal_weight=4961.07 4835.65 903.521 880.635 314.505 236.454 3932.13 3758.44 173.691 78.051 566.13 541.63 499.604 255.037 244.567 239.925 28.17 16.9173 250.66 234.833 42.0256 125.421 110.227
internal_count=18662 18158 3404 3312 1191 892 14754 14104 650 299 2121 2028 1869 951 918 900 107 65 934 876 159 504 447
is_linear=0
shrinkage=0.05


end of trees

feature_importances:
bb_width=132
price_rank10d=129
vol_ratio=124
lower_third_close=27
vol_2_5_3=2

parameters:
[boosting: gbdt]
[objective: binary]
[metric: auc]
[tree_learner: serial]
[device_type: cpu]
[data_sample_strategy: bagging]
[data: ]
[valid: ]
[num_iterations: 300]
[learning_rate: 0.05]
[num_leaves: 24]
[num_threads: 14]
[seed: 0]
[deterministic: 0]
[force_col_wise: 0]
[force_row_wise: 0]
[histogram_pool_size: -1]
[max_depth: -1]
[min_data_in_leaf: 15]
[min_sum_hessian_in_leaf: 0.001]
[bagging_fraction: 1]
[pos_bagging_fraction: 1]
[neg_bagging_fraction: 1]
[bagging_freq: 0]
[bagging_seed: 3]
[bagging_by_query: 0]
[feature_fraction: 1]
[feature_fraction_bynode: 1]
[feature_fraction_seed: 2]
[extra_trees: 0]
[extra_seed: 6]
[early_stopping_round: 0]
[early_stopping_min_delta: 0]
[first_metric_only: 0]
[max_delta_step: 0]
[lambda_l1: 0]
[lambda_l2: 0]
[linear_lambda: 0]
[min_gain_to_split: 0]
[drop_rate: 0.1]
[max_drop: 50]
[skip_drop: 0.5]
[xgboost_dart_mode: 0]
[uniform_drop: 0]
[drop_seed: 4]
[top_rate: 0.2]
[other_rate: 0.1]
[min_data_per_group: 100]
[max_cat_threshold: 32]
[cat_l2: 10]
[cat_smooth: 10]
[max_cat_to_onehot: 4]
[top_k: 20]
[monotone_constraints: ]
[monotone_constraints_method: basic]
[monotone_penalty: 0]
[feature_contri: ]
[forcedsplits_filename: ]
[refit_decay_rate: 0.9]
[cegb_tradeoff: 1]
[cegb_penalty_split: 0]
[cegb_penalty_feature_lazy: ]
[cegb_penalty_feature_coupled: ]
[path_smooth: 0]
[interaction_constraints: ]
[verbosity: -1]
[saved_feature_importance_type: 0]
[use_quantized_grad: 0]
[num_grad_quant_bins: 4]
[quant_train_renew_leaf: 0]
[stochastic_rounding: 1]
[linear_tree: 0]
[max_bin: 255]
[max_bin_by_feature: ]
[min_data_in_bin: 3]
[bin_construct_sample_cnt: 200000]
[data_random_seed: 1]
[is_enable_sparse: 1]
[enable_bundle: 1]
[use_missing: 1]
[zero_as_missing: 0]
[feature_pre_filter: 1]
[pre_partition: 0]
[two_round: 0]
[header: 0]
[label_column: ]
[weight_column: ]
[group_column: ]
[ignore_column: ]
[categorical_feature: ]
[forcedbins_filename: ]
[precise_float_parser: 0]
[parser_config_file: ]
[objective_seed: 5]
[num_class: 1]
[is_unbalance: 0]
[scale_pos_weight: 1.14432]
[sigmoid: 1]
[boost_from_average: 1]
[reg_sqrt: 0]
[alpha: 0.9]
[fair_c: 1]
[poisson_max_delta_step: 0.7]
[tweedie_variance_power: 1.5]
[lambdarank_truncation_level: 30]
[lambdarank_norm: 1]
[label_gain: ]
[lambdarank_position_bias_regularization: 0]
[eval_at: ]
[multi_error_top_k: 1]
[auc_mu_weights: ]
[num_machines: 1]
[local_listen_port: 12400]
[time_out: 120]
[machine_list_filename: ]
[machines: ]
[gpu_platform_id: -1]
[gpu_device_id: -1]
[gpu_use_dp: 0]
[num_gpu: 1]

end of parameters

pandas_categorical:null
